Nom: Sommets200_Aretes15920
Oriente(non/oui): non
NbSommets: 200
NbArcs: 31840
--- Liste des sommets
0 noeud0
1 noeud1
2 noeud2
3 noeud3
4 noeud4
5 noeud5
6 noeud6
7 noeud7
8 noeud8
9 noeud9
10 noeud10
11 noeud11
12 noeud12
13 noeud13
14 noeud14
15 noeud15
16 noeud16
17 noeud17
18 noeud18
19 noeud19
20 noeud20
21 noeud21
22 noeud22
23 noeud23
24 noeud24
25 noeud25
26 noeud26
27 noeud27
28 noeud28
29 noeud29
30 noeud30
31 noeud31
32 noeud32
33 noeud33
34 noeud34
35 noeud35
36 noeud36
37 noeud37
38 noeud38
39 noeud39
40 noeud40
41 noeud41
42 noeud42
43 noeud43
44 noeud44
45 noeud45
46 noeud46
47 noeud47
48 noeud48
49 noeud49
50 noeud50
51 noeud51
52 noeud52
53 noeud53
54 noeud54
55 noeud55
56 noeud56
57 noeud57
58 noeud58
59 noeud59
60 noeud60
61 noeud61
62 noeud62
63 noeud63
64 noeud64
65 noeud65
66 noeud66
67 noeud67
68 noeud68
69 noeud69
70 noeud70
71 noeud71
72 noeud72
73 noeud73
74 noeud74
75 noeud75
76 noeud76
77 noeud77
78 noeud78
79 noeud79
80 noeud80
81 noeud81
82 noeud82
83 noeud83
84 noeud84
85 noeud85
86 noeud86
87 noeud87
88 noeud88
89 noeud89
90 noeud90
91 noeud91
92 noeud92
93 noeud93
94 noeud94
95 noeud95
96 noeud96
97 noeud97
98 noeud98
99 noeud99
100 noeud100
101 noeud101
102 noeud102
103 noeud103
104 noeud104
105 noeud105
106 noeud106
107 noeud107
108 noeud108
109 noeud109
110 noeud110
111 noeud111
112 noeud112
113 noeud113
114 noeud114
115 noeud115
116 noeud116
117 noeud117
118 noeud118
119 noeud119
120 noeud120
121 noeud121
122 noeud122
123 noeud123
124 noeud124
125 noeud125
126 noeud126
127 noeud127
128 noeud128
129 noeud129
130 noeud130
131 noeud131
132 noeud132
133 noeud133
134 noeud134
135 noeud135
136 noeud136
137 noeud137
138 noeud138
139 noeud139
140 noeud140
141 noeud141
142 noeud142
143 noeud143
144 noeud144
145 noeud145
146 noeud146
147 noeud147
148 noeud148
149 noeud149
150 noeud150
151 noeud151
152 noeud152
153 noeud153
154 noeud154
155 noeud155
156 noeud156
157 noeud157
158 noeud158
159 noeud159
160 noeud160
161 noeud161
162 noeud162
163 noeud163
164 noeud164
165 noeud165
166 noeud166
167 noeud167
168 noeud168
169 noeud169
170 noeud170
171 noeud171
172 noeud172
173 noeud173
174 noeud174
175 noeud175
176 noeud176
177 noeud177
178 noeud178
179 noeud179
180 noeud180
181 noeud181
182 noeud182
183 noeud183
184 noeud184
185 noeud185
186 noeud186
187 noeud187
188 noeud188
189 noeud189
190 noeud190
191 noeud191
192 noeud192
193 noeud193
194 noeud194
195 noeud195
196 noeud196
197 noeud197
198 noeud198
199 noeud199
--- Liste des aretes
0 42
0 110
0 86
0 35
0 101
0 113
0 53
0 154
0 39
0 160
0 36
0 19
0 23
0 120
0 140
0 130
0 153
0 57
0 69
0 149
0 66
0 176
0 165
0 150
0 96
0 89
0 48
0 45
0 183
0 121
0 79
0 12
0 41
0 152
0 163
0 193
0 63
0 136
0 144
0 34
0 82
0 93
0 137
0 9
0 119
0 25
0 141
0 114
0 118
0 188
0 87
0 187
0 60
0 32
0 168
0 43
0 77
0 105
0 81
0 61
0 62
0 174
0 24
0 26
0 122
0 91
0 5
0 44
0 191
0 78
0 194
0 30
0 170
0 162
0 181
0 52
0 71
0 29
0 95
0 50
0 94
0 27
0 167
0 14
0 17
0 159
0 197
0 58
0 189
0 37
0 11
0 199
0 129
0 173
0 198
0 68
0 158
0 169
0 186
0 88
0 80
0 16
0 104
0 195
0 182
0 98
0 109
0 196
0 148
0 84
0 6
0 127
0 146
0 117
0 123
0 18
0 76
0 172
0 40
0 126
0 99
0 147
0 161
0 112
0 90
0 106
0 67
0 178
0 13
0 156
0 20
0 28
0 116
0 138
0 1
0 83
0 55
0 192
0 33
0 46
0 7
0 135
0 185
0 74
0 132
0 3
0 134
0 56
0 107
0 70
0 164
0 64
0 73
0 139
0 92
0 115
0 143
1 27
1 21
1 141
1 175
1 83
1 99
1 183
1 177
1 120
1 156
1 108
1 74
1 23
1 92
1 20
1 102
1 45
1 185
1 161
1 85
1 17
1 121
1 62
1 54
1 176
1 94
1 32
1 124
1 186
1 34
1 117
1 110
1 70
1 55
1 125
1 192
1 81
1 84
1 56
1 93
1 69
1 47
1 193
1 159
1 80
1 163
1 171
1 35
1 59
1 197
1 37
1 66
1 43
1 134
1 14
1 154
1 78
1 57
1 60
1 162
1 164
1 122
1 180
1 63
1 142
1 76
1 12
1 75
1 10
1 160
1 144
1 9
1 173
1 42
1 64
1 41
1 115
1 51
1 170
1 82
1 155
1 166
1 138
1 52
1 118
1 50
1 38
1 101
1 79
1 113
1 15
1 137
1 71
1 77
1 199
1 96
1 135
1 112
1 53
1 123
1 65
1 31
1 33
1 178
1 89
1 46
1 150
1 140
1 195
1 151
1 106
1 2
1 4
1 147
1 86
1 61
1 114
1 36
1 119
1 132
1 143
1 88
1 116
1 25
1 126
1 98
1 146
1 184
1 130
1 181
1 97
1 87
1 44
1 196
1 179
1 167
1 73
1 0
1 152
1 100
1 16
1 5
1 58
1 148
1 187
1 191
1 136
1 39
1 189
1 109
1 128
1 127
1 29
1 30
1 28
1 7
1 149
1 111
1 158
1 11
1 90
1 165
1 24
1 6
1 188
1 174
1 13
1 198
1 194
1 157
1 107
1 190
1 49
1 26
2 78
2 95
2 196
2 58
2 48
2 140
2 19
2 146
2 12
2 53
2 34
2 139
2 88
2 152
2 126
2 165
2 54
2 59
2 145
2 192
2 173
2 180
2 37
2 69
2 23
2 15
2 162
2 197
2 39
2 36
2 86
2 129
2 124
2 104
2 154
2 66
2 190
2 112
2 26
2 133
2 110
2 43
2 131
2 28
2 18
2 57
2 42
2 99
2 52
2 4
2 117
2 10
2 185
2 91
2 100
2 33
2 114
2 16
2 50
2 141
2 31
2 93
2 198
2 169
2 3
2 155
2 187
2 103
2 134
2 108
2 24
2 25
2 160
2 32
2 20
2 167
2 85
2 111
2 102
2 8
2 132
2 183
2 158
2 177
2 80
2 94
2 61
2 7
2 11
2 119
2 46
2 168
2 82
2 148
2 96
2 189
2 176
2 67
2 150
2 161
2 121
2 62
2 1
2 109
2 55
2 136
2 191
2 149
2 164
2 182
2 123
2 143
2 175
2 199
2 72
2 92
2 137
2 21
2 101
2 98
2 49
2 81
2 156
2 174
2 6
2 83
2 47
2 178
2 105
2 89
2 107
2 45
2 118
2 113
2 68
2 22
2 170
2 77
2 106
2 9
2 74
2 90
2 17
2 29
2 5
2 171
2 181
2 56
2 65
2 13
2 151
2 63
2 188
2 163
2 128
3 148
3 43
3 96
3 189
3 47
3 41
3 186
3 151
3 38
3 29
3 170
3 132
3 133
3 93
3 188
3 163
3 27
3 85
3 31
3 166
3 105
3 55
3 67
3 98
3 140
3 196
3 84
3 25
3 122
3 181
3 149
3 128
3 106
3 88
3 6
3 192
3 135
3 48
3 114
3 131
3 118
3 95
3 171
3 78
3 136
3 124
3 77
3 20
3 17
3 153
3 7
3 12
3 35
3 121
3 194
3 158
3 119
3 21
3 127
3 134
3 183
3 54
3 22
3 172
3 103
3 82
3 33
3 86
3 45
3 2
3 57
3 24
3 139
3 83
3 62
3 91
3 104
3 74
3 147
3 101
3 142
3 36
3 178
3 144
3 70
3 150
3 152
3 175
3 94
3 198
3 52
3 115
3 161
3 42
3 164
3 92
3 68
3 146
3 13
3 50
3 61
3 46
3 14
3 4
3 73
3 177
3 18
3 176
3 8
3 58
3 53
3 28
3 34
3 199
3 32
3 69
3 97
3 145
3 193
3 157
3 5
3 169
3 154
3 117
3 81
3 76
3 174
3 168
3 123
3 108
3 37
3 195
3 129
3 99
3 30
3 63
3 120
3 187
3 111
3 112
3 75
3 66
3 138
3 113
3 130
3 165
3 0
3 185
3 160
3 72
3 40
3 59
3 182
3 79
3 143
3 109
3 107
3 39
3 155
3 125
3 80
4 45
4 145
4 82
4 181
4 62
4 179
4 96
4 184
4 127
4 125
4 122
4 79
4 64
4 13
4 54
4 53
4 116
4 147
4 67
4 163
4 165
4 182
4 156
4 117
4 70
4 49
4 59
4 36
4 26
4 20
4 162
4 188
4 148
4 104
4 56
4 190
4 186
4 195
4 109
4 86
4 119
4 16
4 11
4 81
4 197
4 171
4 50
4 37
4 18
4 164
4 191
4 118
4 140
4 103
4 72
4 175
4 144
4 192
4 115
4 32
4 31
4 91
4 133
4 98
4 84
4 35
4 151
4 135
4 60
4 2
4 68
4 130
4 111
4 61
4 83
4 187
4 170
4 57
4 193
4 183
4 178
4 110
4 34
4 46
4 152
4 17
4 14
4 139
4 89
4 105
4 87
4 176
4 198
4 123
4 174
4 76
4 3
4 180
4 93
4 8
4 146
4 92
4 158
4 38
4 196
4 78
4 169
4 124
4 153
4 9
4 1
4 27
4 39
4 97
4 161
4 134
4 58
4 22
4 42
4 69
4 44
4 29
4 51
4 120
4 131
4 173
4 149
4 129
4 95
4 154
4 71
4 168
4 199
4 12
4 172
4 150
4 5
4 74
4 166
4 48
4 126
4 90
4 28
4 15
4 141
4 43
4 40
4 30
4 100
4 21
4 99
4 155
4 128
4 88
4 33
4 6
4 143
4 112
4 23
4 7
4 132
5 184
5 38
5 57
5 122
5 25
5 81
5 160
5 149
5 156
5 158
5 115
5 80
5 109
5 183
5 139
5 178
5 45
5 29
5 142
5 63
5 137
5 14
5 76
5 171
5 9
5 173
5 186
5 168
5 140
5 70
5 111
5 154
5 13
5 194
5 73
5 34
5 77
5 54
5 189
5 193
5 46
5 19
5 125
5 147
5 143
5 113
5 130
5 180
5 121
5 108
5 134
5 181
5 68
5 78
5 97
5 15
5 123
5 42
5 196
5 145
5 198
5 188
5 48
5 128
5 47
5 67
5 119
5 0
5 159
5 64
5 17
5 95
5 35
5 197
5 192
5 110
5 150
5 53
5 37
5 163
5 132
5 101
5 89
5 66
5 167
5 172
5 24
5 103
5 11
5 83
5 12
5 61
5 65
5 69
5 26
5 10
5 199
5 40
5 84
5 174
5 39
5 58
5 21
5 99
5 43
5 6
5 120
5 3
5 31
5 16
5 86
5 74
5 7
5 60
5 55
5 91
5 92
5 72
5 195
5 75
5 107
5 155
5 85
5 164
5 30
5 87
5 56
5 151
5 1
5 33
5 98
5 4
5 148
5 8
5 23
5 28
5 116
5 131
5 112
5 100
5 62
5 191
5 20
5 146
5 165
5 2
5 190
5 185
5 170
5 82
5 106
5 175
5 18
5 161
5 135
5 114
5 52
5 22
5 177
5 41
6 91
6 112
6 17
6 195
6 184
6 66
6 198
6 78
6 171
6 164
6 67
6 138
6 79
6 185
6 160
6 146
6 197
6 182
6 73
6 151
6 153
6 55
6 179
6 121
6 30
6 46
6 64
6 193
6 148
6 3
6 65
6 130
6 41
6 13
6 96
6 126
6 177
6 76
6 136
6 181
6 144
6 174
6 50
6 7
6 32
6 115
6 186
6 143
6 196
6 63
6 145
6 106
6 53
6 156
6 135
6 44
6 37
6 114
6 29
6 97
6 71
6 58
6 194
6 74
6 105
6 104
6 8
6 122
6 51
6 34
6 12
6 19
6 33
6 25
6 90
6 39
6 129
6 47
6 52
6 170
6 77
6 68
6 137
6 88
6 158
6 59
6 95
6 26
6 111
6 188
6 36
6 42
6 45
6 162
6 70
6 20
6 72
6 101
6 86
6 131
6 10
6 169
6 189
6 100
6 180
6 0
6 116
6 21
6 80
6 38
6 5
6 152
6 150
6 16
6 175
6 93
6 125
6 62
6 23
6 11
6 87
6 2
6 24
6 56
6 83
6 61
6 191
6 60
6 40
6 199
6 119
6 192
6 84
6 187
6 159
6 18
6 82
6 89
6 103
6 165
6 98
6 49
6 108
6 110
6 107
6 149
6 14
6 1
6 113
6 123
6 4
6 190
6 31
6 168
6 102
6 163
6 161
7 55
7 85
7 137
7 139
7 181
7 49
7 117
7 52
7 96
7 9
7 196
7 86
7 198
7 187
7 180
7 116
7 109
7 12
7 40
7 188
7 126
7 69
7 64
7 74
7 76
7 158
7 6
7 11
7 39
7 167
7 29
7 169
7 104
7 41
7 3
7 185
7 141
7 106
7 91
7 123
7 47
7 33
7 125
7 57
7 13
7 28
7 19
7 14
7 48
7 166
7 99
7 142
7 73
7 165
7 25
7 174
7 56
7 37
7 134
7 54
7 103
7 97
7 94
7 10
7 199
7 145
7 132
7 146
7 135
7 51
7 20
7 129
7 176
7 140
7 100
7 156
7 183
7 68
7 157
7 61
7 161
7 136
7 60
7 78
7 160
7 2
7 31
7 67
7 87
7 15
7 194
7 27
7 50
7 35
7 65
7 81
7 95
7 108
7 32
7 21
7 88
7 170
7 163
7 72
7 83
7 179
7 42
7 122
7 101
7 148
7 38
7 23
7 184
7 171
7 164
7 5
7 18
7 71
7 22
7 138
7 45
7 119
7 17
7 111
7 59
7 172
7 159
7 143
7 173
7 79
7 155
7 43
7 53
7 153
7 182
7 190
7 0
7 30
7 8
7 192
7 1
7 26
7 168
7 110
7 44
7 89
7 70
7 177
7 186
7 98
7 195
7 102
7 107
7 36
7 197
7 120
7 4
7 133
8 138
8 134
8 167
8 65
8 72
8 170
8 44
8 34
8 48
8 112
8 144
8 162
8 146
8 184
8 36
8 97
8 56
8 29
8 155
8 108
8 59
8 182
8 199
8 106
8 79
8 94
8 127
8 156
8 169
8 172
8 16
8 81
8 131
8 78
8 89
8 105
8 157
8 77
8 180
8 148
8 17
8 197
8 118
8 143
8 14
8 193
8 88
8 45
8 64
8 39
8 189
8 188
8 160
8 130
8 154
8 153
8 30
8 98
8 198
8 122
8 62
8 47
8 117
8 25
8 159
8 133
8 76
8 163
8 6
8 116
8 24
8 164
8 145
8 120
8 104
8 183
8 139
8 61
8 151
8 42
8 28
8 96
8 55
8 35
8 15
8 165
8 192
8 95
8 168
8 2
8 123
8 90
8 166
8 27
8 150
8 171
8 82
8 69
8 135
8 4
8 186
8 68
8 3
8 185
8 40
8 119
8 181
8 21
8 93
8 103
8 60
8 80
8 173
8 136
8 128
8 75
8 194
8 113
8 174
8 58
8 31
8 67
8 91
8 147
8 195
8 51
8 52
8 101
8 92
8 107
8 124
8 11
8 187
8 38
8 109
8 84
8 110
8 99
8 85
8 115
8 43
8 70
8 12
8 5
8 114
8 50
8 126
8 26
8 41
8 13
8 141
8 7
8 100
8 190
8 10
8 46
8 74
8 18
8 63
8 9
8 102
8 83
8 86
8 177
8 175
8 53
8 19
9 196
9 91
9 30
9 89
9 17
9 146
9 192
9 101
9 112
9 78
9 164
9 105
9 176
9 179
9 7
9 165
9 168
9 85
9 5
9 108
9 26
9 67
9 141
9 25
9 132
9 172
9 143
9 23
9 97
9 107
9 32
9 11
9 139
9 145
9 57
9 183
9 104
9 173
9 0
9 150
9 71
9 51
9 169
9 47
9 163
9 124
9 96
9 42
9 53
9 191
9 178
9 144
9 72
9 199
9 189
9 50
9 1
9 138
9 77
9 115
9 102
9 63
9 154
9 131
9 180
9 170
9 64
9 148
9 106
9 158
9 20
9 86
9 193
9 88
9 166
9 40
9 186
9 65
9 94
9 127
9 167
9 22
9 28
9 152
9 4
9 75
9 34
9 10
9 111
9 137
9 177
9 156
9 175
9 126
9 185
9 160
9 83
9 197
9 92
9 134
9 18
9 44
9 55
9 174
9 41
9 33
9 37
9 15
9 187
9 99
9 31
9 61
9 73
9 147
9 84
9 120
9 35
9 52
9 118
9 36
9 153
9 81
9 130
9 58
9 19
9 162
9 2
9 194
9 121
9 29
9 13
9 76
9 56
9 149
9 49
9 157
9 8
9 90
9 80
9 93
9 155
9 74
9 98
9 38
9 27
9 184
9 114
9 62
9 39
10 154
10 140
10 104
10 153
10 112
10 150
10 17
10 121
10 47
10 172
10 141
10 170
10 83
10 171
10 187
10 18
10 54
10 111
10 173
10 185
10 94
10 96
10 194
10 38
10 39
10 135
10 58
10 114
10 27
10 133
10 152
10 92
10 116
10 40
10 63
10 68
10 128
10 143
10 139
10 37
10 98
10 181
10 50
10 125
10 62
10 164
10 67
10 69
10 124
10 168
10 190
10 32
10 177
10 167
10 151
10 86
10 146
10 195
10 31
10 91
10 145
10 155
10 65
10 33
10 196
10 149
10 144
10 162
10 132
10 21
10 156
10 157
10 2
10 24
10 1
10 176
10 122
10 161
10 42
10 102
10 199
10 30
10 7
10 49
10 76
10 71
10 14
10 89
10 169
10 95
10 136
10 74
10 11
10 25
10 60
10 129
10 56
10 19
10 41
10 183
10 131
10 175
10 12
10 44
10 73
10 193
10 29
10 57
10 105
10 48
10 188
10 179
10 5
10 6
10 36
10 9
10 120
10 55
10 90
10 165
10 84
10 80
10 198
10 123
10 142
10 180
10 23
10 53
10 127
10 117
10 70
10 77
10 118
10 22
10 15
10 16
10 13
10 108
10 192
10 20
10 34
10 191
10 78
10 159
10 8
10 138
10 184
10 100
10 45
10 197
10 26
10 46
10 66
10 59
10 85
10 158
10 113
10 160
10 51
11 193
11 87
11 127
11 15
11 117
11 54
11 48
11 111
11 126
11 165
11 50
11 183
11 177
11 41
11 24
11 78
11 28
11 26
11 109
11 175
11 169
11 25
11 72
11 104
11 129
11 81
11 95
11 71
11 155
11 186
11 134
11 52
11 96
11 108
11 159
11 40
11 4
11 103
11 46
11 156
11 9
11 189
11 123
11 130
11 146
11 7
11 14
11 170
11 149
11 97
11 138
11 158
11 82
11 68
11 163
11 36
11 198
11 61
11 84
11 90
11 151
11 37
11 101
11 160
11 124
11 47
11 55
11 120
11 133
11 51
11 181
11 128
11 19
11 110
11 144
11 59
11 142
11 85
11 179
11 10
11 98
11 64
11 62
11 172
11 0
11 80
11 83
11 105
11 27
11 91
11 2
11 184
11 76
11 176
11 53
11 21
11 140
11 5
11 150
11 32
11 194
11 195
11 44
11 143
11 58
11 56
11 63
11 92
11 60
11 164
11 125
11 190
11 115
11 119
11 39
11 13
11 18
11 69
11 65
11 86
11 49
11 121
11 42
11 73
11 199
11 88
11 135
11 34
11 79
11 116
11 23
11 29
11 8
11 197
11 6
11 94
11 113
11 75
11 102
11 43
11 141
11 122
11 192
11 17
11 112
11 74
11 157
11 132
11 99
11 174
11 168
11 100
11 148
11 38
11 187
11 167
11 93
11 182
11 139
11 173
11 67
11 196
11 77
11 70
11 1
11 171
11 166
11 57
11 185
11 152
11 162
11 178
11 66
11 33
12 196
12 112
12 194
12 121
12 67
12 180
12 138
12 140
12 37
12 38
12 170
12 17
12 146
12 2
12 169
12 87
12 141
12 49
12 27
12 156
12 91
12 129
12 71
12 198
12 39
12 78
12 79
12 54
12 158
12 167
12 193
12 7
12 0
12 183
12 24
12 175
12 168
12 56
12 51
12 128
12 120
12 93
12 99
12 172
12 105
12 44
12 122
12 142
12 195
12 3
12 28
12 184
12 90
12 66
12 75
12 35
12 88
12 1
12 113
12 89
12 145
12 106
12 48
12 153
12 114
12 186
12 25
12 199
12 21
12 130
12 6
12 81
12 40
12 191
12 65
12 131
12 189
12 177
12 36
12 97
12 62
12 163
12 137
12 86
12 165
12 63
12 29
12 14
12 125
12 33
12 143
12 144
12 59
12 19
12 98
12 76
12 188
12 10
12 181
12 139
12 123
12 5
12 82
12 42
12 118
12 148
12 171
12 57
12 47
12 102
12 30
12 182
12 160
12 135
12 103
12 164
12 108
12 46
12 74
12 162
12 149
12 32
12 187
12 166
12 190
12 77
12 117
12 119
12 4
12 126
12 101
12 8
12 111
12 52
12 127
12 104
12 147
12 83
12 22
12 173
12 178
12 107
12 68
12 155
12 20
12 34
12 161
12 26
12 151
12 55
12 13
12 96
12 174
12 94
12 179
12 150
12 176
12 41
12 50
12 92
12 197
13 117
13 58
13 23
13 22
13 25
13 192
13 75
13 115
13 74
13 114
13 97
13 4
13 29
13 16
13 171
13 144
13 131
13 123
13 80
13 100
13 30
13 87
13 165
13 126
13 119
13 168
13 5
13 153
13 55
13 166
13 189
13 121
13 17
13 36
13 85
13 60
13 140
13 91
13 199
13 6
13 69
13 28
13 138
13 135
13 155
13 107
13 73
13 147
13 156
13 50
13 7
13 179
13 44
13 95
13 47
13 188
13 81
13 57
13 163
13 124
13 149
13 70
13 78
13 178
13 174
13 98
13 198
13 141
13 118
13 15
13 88
13 127
13 113
13 173
13 190
13 148
13 34
13 37
13 134
13 21
13 31
13 3
13 154
13 130
13 159
13 66
13 102
13 125
13 187
13 90
13 67
13 170
13 56
13 172
13 43
13 94
13 49
13 167
13 72
13 104
13 68
13 11
13 20
13 38
13 61
13 151
13 84
13 161
13 93
13 64
13 62
13 42
13 46
13 82
13 27
13 26
13 197
13 0
13 133
13 110
13 19
13 71
13 10
13 35
13 83
13 152
13 180
13 142
13 129
13 186
13 111
13 99
13 59
13 158
13 89
13 8
13 9
13 54
13 169
13 109
13 139
13 101
13 181
13 112
13 145
13 79
13 1
13 2
13 40
13 106
13 51
13 12
13 137
13 52
13 77
13 194
13 176
13 86
13 195
13 48
14 179
14 58
14 121
14 84
14 100
14 93
14 154
14 86
14 42
14 156
14 110
14 104
14 62
14 48
14 78
14 5
14 89
14 95
14 41
14 162
14 137
14 37
14 57
14 72
14 59
14 99
14 195
14 108
14 126
14 150
14 39
14 91
14 71
14 8
14 19
14 11
14 28
14 50
14 56
14 133
14 46
14 79
14 192
14 178
14 90
14 60
14 21
14 88
14 1
14 138
14 194
14 187
14 7
14 170
14 127
14 143
14 163
14 67
14 142
14 115
14 20
14 112
14 77
14 130
14 186
14 165
14 176
14 161
14 54
14 10
14 132
14 16
14 15
14 146
14 166
14 12
14 64
14 0
14 30
14 4
14 153
14 116
14 197
14 53
14 167
14 180
14 36
14 85
14 3
14 119
14 40
14 172
14 168
14 22
14 131
14 26
14 23
14 49
14 141
14 70
14 155
14 171
14 177
14 151
14 63
14 74
14 51
14 123
14 193
14 111
14 55
14 191
14 183
14 75
14 52
14 25
14 43
14 47
14 124
14 185
14 188
14 83
14 160
14 18
14 189
14 17
14 92
14 69
14 44
14 198
14 159
14 97
14 27
14 149
14 66
14 105
14 181
14 102
14 34
14 184
14 199
14 118
14 174
14 32
14 157
14 81
14 101
14 182
14 65
14 103
14 38
14 80
14 158
14 6
14 29
14 109
14 129
14 113
14 190
14 107
14 114
14 117
15 11
15 176
15 41
15 167
15 141
15 132
15 66
15 189
15 169
15 38
15 84
15 90
15 52
15 136
15 171
15 19
15 190
15 80
15 47
15 148
15 116
15 30
15 58
15 20
15 16
15 152
15 2
15 134
15 128
15 178
15 79
15 135
15 170
15 165
15 173
15 23
15 43
15 92
15 53
15 51
15 113
15 55
15 121
15 5
15 63
15 95
15 120
15 105
15 142
15 110
15 54
15 83
15 151
15 17
15 177
15 78
15 166
15 98
15 145
15 29
15 68
15 65
15 102
15 196
15 183
15 158
15 64
15 13
15 14
15 175
15 99
15 100
15 143
15 8
15 157
15 146
15 187
15 24
15 94
15 75
15 89
15 125
15 69
15 44
15 118
15 197
15 184
15 144
15 150
15 48
15 1
15 72
15 153
15 123
15 7
15 140
15 115
15 73
15 76
15 192
15 49
15 114
15 182
15 88
15 87
15 26
15 46
15 127
15 31
15 159
15 28
15 138
15 22
15 106
15 172
15 137
15 97
15 85
15 62
15 9
15 10
15 139
15 179
15 35
15 104
15 119
15 163
15 25
15 77
15 131
15 61
15 199
15 147
15 162
15 81
15 70
15 86
15 4
15 37
15 186
15 161
15 40
15 96
15 193
15 130
15 18
15 117
15 57
15 160
15 195
15 181
15 39
15 185
16 195
16 71
16 72
16 111
16 20
16 178
16 13
16 109
16 37
16 116
16 63
16 53
16 196
16 92
16 119
16 99
16 35
16 157
16 198
16 90
16 79
16 81
16 32
16 78
16 156
16 120
16 31
16 27
16 175
16 15
16 4
16 8
16 162
16 127
16 45
16 84
16 88
16 44
16 139
16 21
16 43
16 131
16 98
16 58
16 56
16 28
16 87
16 158
16 95
16 199
16 77
16 73
16 39
16 142
16 41
16 101
16 61
16 152
16 176
16 132
16 54
16 180
16 96
16 128
16 94
16 2
16 64
16 97
16 103
16 85
16 14
16 75
16 125
16 51
16 69
16 185
16 183
16 153
16 164
16 108
16 76
16 148
16 19
16 110
16 25
16 52
16 17
16 192
16 161
16 179
16 138
16 160
16 24
16 102
16 169
16 0
16 134
16 133
16 140
16 171
16 100
16 104
16 74
16 189
16 83
16 48
16 82
16 106
16 123
16 5
16 6
16 144
16 42
16 193
16 184
16 147
16 93
16 187
16 167
16 130
16 86
16 143
16 10
16 129
16 50
16 22
16 165
16 117
16 80
16 33
16 1
16 149
16 115
16 118
16 91
16 36
16 177
16 194
16 49
16 150
16 60
16 113
16 186
16 191
16 163
16 70
16 151
16 168
16 38
16 67
16 121
16 34
16 46
16 146
16 173
16 57
17 189
17 32
17 6
17 199
17 164
17 142
17 79
17 152
17 10
17 163
17 129
17 9
17 171
17 178
17 155
17 130
17 12
17 37
17 1
17 170
17 84
17 188
17 94
17 132
17 198
17 134
17 160
17 81
17 181
17 42
17 148
17 41
17 138
17 112
17 74
17 39
17 119
17 55
17 68
17 40
17 96
17 117
17 44
17 13
17 183
17 8
17 156
17 31
17 122
17 30
17 106
17 108
17 153
17 3
17 167
17 113
17 64
17 116
17 182
17 168
17 102
17 20
17 131
17 47
17 15
17 71
17 166
17 91
17 43
17 197
17 19
17 126
17 33
17 147
17 69
17 186
17 187
17 177
17 5
17 78
17 157
17 61
17 70
17 107
17 24
17 120
17 95
17 92
17 125
17 18
17 165
17 86
17 4
17 0
17 136
17 34
17 172
17 77
17 154
17 16
17 196
17 124
17 176
17 192
17 118
17 150
17 103
17 115
17 67
17 161
17 104
17 98
17 85
17 56
17 190
17 49
17 128
17 27
17 194
17 105
17 100
17 146
17 46
17 83
17 59
17 21
17 195
17 175
17 7
17 99
17 93
17 14
17 66
17 135
17 25
17 127
17 173
17 11
17 82
17 62
17 88
17 63
17 2
17 73
17 22
17 75
17 133
17 57
17 38
17 45
17 137
17 60
17 35
17 97
17 48
17 101
17 65
17 76
17 109
17 145
17 179
17 143
17 58
18 186
18 29
18 55
18 104
18 126
18 124
18 50
18 82
18 33
18 100
18 196
18 89
18 176
18 131
18 78
18 198
18 164
18 44
18 10
18 160
18 46
18 113
18 127
18 75
18 22
18 71
18 156
18 155
18 70
18 53
18 170
18 185
18 87
18 73
18 153
18 114
18 4
18 61
18 141
18 72
18 90
18 115
18 76
18 64
18 40
18 26
18 174
18 91
18 107
18 146
18 25
18 2
18 140
18 84
18 48
18 80
18 179
18 111
18 116
18 195
18 134
18 106
18 161
18 67
18 151
18 45
18 109
18 169
18 154
18 139
18 79
18 96
18 123
18 17
18 158
18 173
18 119
18 190
18 83
18 181
18 143
18 132
18 52
18 28
18 42
18 102
18 105
18 43
18 41
18 171
18 49
18 68
18 3
18 101
18 193
18 188
18 81
18 47
18 88
18 191
18 62
18 142
18 120
18 11
18 172
18 152
18 165
18 180
18 145
18 0
18 60
18 117
18 182
18 37
18 183
18 128
18 69
18 192
18 99
18 167
18 7
18 194
18 166
18 9
18 112
18 129
18 51
18 144
18 14
18 177
18 74
18 98
18 149
18 58
18 34
18 157
18 31
18 197
18 95
18 85
18 6
18 56
18 23
18 162
18 178
18 150
18 20
18 27
18 63
18 66
18 199
18 19
18 97
18 8
18 108
18 133
18 159
18 15
18 65
18 5
18 138
18 36
18 93
18 30
18 135
18 125
18 163
19 181
19 132
19 99
19 122
19 69
19 2
19 136
19 165
19 163
19 0
19 58
19 196
19 15
19 178
19 111
19 43
19 192
19 83
19 194
19 76
19 170
19 180
19 62
19 164
19 94
19 172
19 154
19 30
19 188
19 190
19 25
19 153
19 5
19 156
19 55
19 41
19 101
19 82
19 118
19 119
19 175
19 14
19 21
19 54
19 59
19 78
19 135
19 159
19 140
19 123
19 81
19 143
19 100
19 93
19 144
19 86
19 113
19 7
19 37
19 142
19 145
19 87
19 39
19 23
19 24
19 171
19 155
19 17
19 66
19 138
19 184
19 50
19 44
19 51
19 130
19 11
19 6
19 95
19 161
19 34
19 169
19 195
19 97
19 187
19 52
19 72
19 16
19 29
19 139
19 10
19 174
19 91
19 22
19 103
19 108
19 12
19 92
19 42
19 27
19 32
19 158
19 182
19 89
19 38
19 64
19 110
19 104
19 124
19 56
19 120
19 151
19 61
19 109
19 88
19 134
19 57
19 197
19 115
19 198
19 189
19 40
19 121
19 49
19 137
19 77
19 114
19 176
19 162
19 167
19 191
19 75
19 45
19 13
19 141
19 133
19 63
19 128
19 102
19 148
19 125
19 149
19 9
19 31
19 129
19 183
19 107
19 117
19 48
19 177
19 85
19 18
19 160
19 199
19 168
19 65
19 80
19 126
19 53
19 131
19 147
19 152
19 73
19 67
19 8
19 116
20 177
20 60
20 53
20 131
20 16
20 191
20 1
20 33
20 145
20 147
20 57
20 157
20 105
20 91
20 74
20 46
20 106
20 4
20 165
20 64
20 70
20 115
20 86
20 69
20 175
20 113
20 36
20 120
20 68
20 123
20 114
20 34
20 15
20 154
20 29
20 71
20 25
20 110
20 61
20 161
20 83
20 178
20 107
20 89
20 182
20 65
20 166
20 176
20 152
20 180
20 3
20 149
20 77
20 169
20 124
20 171
20 187
20 45
20 162
20 138
20 17
20 189
20 78
20 66
20 32
20 97
20 50
20 112
20 72
20 14
20 134
20 117
20 31
20 56
20 181
20 156
20 44
20 62
20 118
20 51
20 183
20 158
20 87
20 164
20 116
20 132
20 119
20 94
20 95
20 2
20 76
20 155
20 7
20 49
20 103
20 28
20 9
20 26
20 47
20 144
20 54
20 6
20 98
20 125
20 52
20 151
20 81
20 150
20 80
20 129
20 195
20 13
20 199
20 30
20 185
20 23
20 38
20 27
20 188
20 139
20 102
20 128
20 41
20 194
20 96
20 43
20 143
20 184
20 0
20 24
20 100
20 148
20 135
20 111
20 59
20 10
20 82
20 159
20 37
20 35
20 174
20 18
20 5
20 75
20 126
20 121
20 12
20 137
20 40
20 63
20 190
20 88
20 153
20 130
20 160
20 21
21 149
21 1
21 176
21 52
21 190
21 97
21 40
21 169
21 67
21 108
21 147
21 69
21 173
21 29
21 181
21 156
21 198
21 189
21 93
21 48
21 37
21 45
21 113
21 197
21 86
21 101
21 47
21 70
21 32
21 130
21 92
21 139
21 28
21 137
21 34
21 116
21 125
21 185
21 109
21 193
21 27
21 42
21 100
21 19
21 16
21 62
21 171
21 118
21 106
21 14
21 89
21 26
21 146
21 127
21 3
21 10
21 175
21 120
21 133
21 63
21 195
21 111
21 90
21 196
21 84
21 124
21 178
21 43
21 12
21 76
21 35
21 30
21 39
21 154
21 31
21 25
21 102
21 59
21 186
21 182
21 160
21 121
21 23
21 144
21 73
21 13
21 60
21 122
21 134
21 145
21 103
21 11
21 136
21 24
21 114
21 7
21 44
21 152
21 165
21 8
21 91
21 50
21 180
21 53
21 150
21 166
21 38
21 57
21 95
21 112
21 22
21 5
21 143
21 96
21 6
21 191
21 188
21 41
21 55
21 2
21 155
21 17
21 174
21 167
21 132
21 162
21 129
21 49
21 151
21 135
21 68
21 159
21 82
21 117
21 153
21 148
21 71
21 61
21 168
21 72
21 192
21 81
21 4
21 36
21 65
21 119
21 140
21 75
21 64
21 138
21 105
21 79
21 199
21 177
21 187
21 74
21 46
21 20
22 153
22 13
22 96
22 59
22 94
22 193
22 61
22 97
22 186
22 178
22 173
22 73
22 198
22 123
22 196
22 65
22 40
22 199
22 80
22 189
22 141
22 125
22 62
22 44
22 18
22 32
22 83
22 49
22 176
22 37
22 86
22 168
22 88
22 187
22 36
22 126
22 42
22 161
22 76
22 70
22 145
22 167
22 115
22 100
22 56
22 66
22 25
22 188
22 53
22 3
22 57
22 169
22 99
22 164
22 121
22 124
22 131
22 78
22 183
22 144
22 136
22 139
22 195
22 60
22 142
22 81
22 63
22 45
22 122
22 23
22 184
22 163
22 54
22 152
22 159
22 197
22 151
22 19
22 130
22 87
22 190
22 26
22 134
22 110
22 14
22 98
22 9
22 149
22 29
22 31
22 106
22 46
22 166
22 148
22 158
22 67
22 21
22 146
22 4
22 127
22 179
22 15
22 108
22 69
22 35
22 43
22 38
22 111
22 147
22 154
22 162
22 7
22 135
22 181
22 41
22 137
22 156
22 82
22 30
22 10
22 140
22 16
22 102
22 180
22 105
22 33
22 155
22 185
22 157
22 28
22 182
22 2
22 191
22 165
22 85
22 119
22 12
22 52
22 34
22 107
22 17
22 51
22 171
22 64
22 95
22 172
22 128
22 68
22 114
22 5
22 116
23 162
23 115
23 57
23 38
23 13
23 141
23 75
23 48
23 100
23 175
23 44
23 62
23 66
23 1
23 192
23 193
23 0
23 82
23 86
23 111
23 49
23 143
23 36
23 41
23 119
23 29
23 152
23 106
23 26
23 137
23 128
23 2
23 113
23 148
23 98
23 181
23 9
23 151
23 97
23 104
23 15
23 186
23 74
23 130
23 53
23 34
23 126
23 31
23 27
23 77
23 109
23 63
23 188
23 79
23 138
23 118
23 129
23 71
23 19
23 187
23 40
23 144
23 196
23 76
23 195
23 159
23 127
23 194
23 94
23 103
23 190
23 93
23 22
23 136
23 165
23 67
23 21
23 198
23 69
23 47
23 184
23 52
23 85
23 28
23 60
23 14
23 171
23 70
23 50
23 123
23 90
23 61
23 30
23 81
23 149
23 96
23 20
23 112
23 10
23 122
23 7
23 45
23 147
23 185
23 158
23 125
23 46
23 51
23 11
23 142
23 55
23 164
23 83
23 117
23 114
23 172
23 102
23 84
23 145
23 89
23 176
23 6
23 170
23 180
23 174
23 131
23 32
23 87
23 173
23 135
23 146
23 59
23 5
23 18
23 189
23 178
23 95
23 72
23 177
23 110
23 183
23 133
23 33
23 92
23 105
23 39
23 88
23 179
23 35
23 37
23 132
23 42
23 167
23 54
23 4
23 169
23 116
24 34
24 154
24 177
24 158
24 67
24 63
24 91
24 137
24 11
24 74
24 72
24 119
24 101
24 120
24 65
24 135
24 161
24 125
24 191
24 160
24 85
24 162
24 71
24 145
24 49
24 90
24 12
24 68
24 45
24 118
24 193
24 31
24 104
24 40
24 70
24 171
24 102
24 75
24 180
24 121
24 141
24 116
24 144
24 94
24 29
24 19
24 83
24 10
24 0
24 188
24 169
24 155
24 39
24 174
24 184
24 110
24 84
24 143
24 156
24 8
24 179
24 198
24 76
24 3
24 77
24 32
24 163
24 124
24 2
24 109
24 153
24 17
24 35
24 53
24 181
24 185
24 15
24 152
24 128
24 50
24 133
24 99
24 142
24 61
24 42
24 134
24 113
24 87
24 28
24 93
24 16
24 147
24 131
24 5
24 100
24 21
24 57
24 60
24 82
24 80
24 78
24 167
24 81
24 166
24 27
24 38
24 92
24 56
24 132
24 196
24 59
24 172
24 36
24 98
24 139
24 108
24 47
24 129
24 192
24 103
24 168
24 182
24 150
24 114
24 6
24 138
24 20
24 30
24 164
24 136
24 51
24 43
24 52
24 151
24 54
24 95
24 190
24 178
24 96
24 26
24 157
24 97
24 1
24 44
24 159
24 37
24 197
24 148
24 64
24 48
24 69
24 130
24 58
24 165
24 66
25 125
25 13
25 31
25 98
25 5
25 67
25 62
25 157
25 37
25 101
25 197
25 64
25 140
25 77
25 26
25 106
25 87
25 159
25 189
25 11
25 3
25 94
25 115
25 56
25 191
25 84
25 170
25 9
25 190
25 174
25 28
25 156
25 99
25 53
25 20
25 82
25 80
25 158
25 30
25 19
25 129
25 107
25 147
25 71
25 117
25 81
25 121
25 163
25 0
25 108
25 70
25 165
25 112
25 18
25 109
25 46
25 128
25 22
25 120
25 40
25 8
25 95
25 132
25 7
25 102
25 136
25 122
25 123
25 142
25 166
25 12
25 21
25 141
25 194
25 6
25 68
25 2
25 152
25 134
25 171
25 55
25 196
25 198
25 72
25 172
25 85
25 10
25 126
25 32
25 60
25 44
25 127
25 151
25 16
25 164
25 51
25 153
25 192
25 181
25 162
25 119
25 43
25 58
25 186
25 34
25 29
25 57
25 113
25 45
25 79
25 86
25 104
25 73
25 184
25 183
25 161
25 114
25 100
25 118
25 14
25 187
25 38
25 188
25 1
25 167
25 173
25 61
25 54
25 148
25 47
25 88
25 124
25 177
25 180
25 116
25 97
25 169
25 145
25 17
25 195
25 133
25 83
25 48
25 15
25 185
25 149
25 66
25 139
25 193
25 110
25 155
25 135
25 65
25 111
25 96
25 74
25 93
25 35
25 78
25 146
25 33
25 91
25 178
26 88
26 173
26 53
26 105
26 169
26 177
26 135
26 174
26 122
26 149
26 55
26 166
26 199
26 116
26 127
26 141
26 32
26 82
26 118
26 25
26 11
26 75
26 109
26 28
26 4
26 108
26 31
26 9
26 179
26 86
26 92
26 128
26 111
26 137
26 58
26 23
26 132
26 78
26 117
26 46
26 61
26 96
26 65
26 154
26 172
26 159
26 133
26 120
26 158
26 155
26 79
26 129
26 69
26 2
26 157
26 18
26 145
26 49
26 41
26 168
26 35
26 93
26 193
26 167
26 73
26 151
26 21
26 139
26 197
26 181
26 91
26 175
26 164
26 71
26 54
26 182
26 0
26 51
26 152
26 40
26 100
26 57
26 114
26 94
26 30
26 52
26 34
26 104
26 192
26 115
26 36
26 136
26 67
26 38
26 63
26 125
26 148
26 81
26 6
26 187
26 184
26 161
26 20
26 68
26 140
26 66
26 101
26 160
26 22
26 178
26 189
26 163
26 44
26 84
26 14
26 5
26 89
26 131
26 191
26 15
26 142
26 198
26 70
26 146
26 124
26 126
26 150
26 43
26 171
26 13
26 147
26 27
26 134
26 47
26 64
26 113
26 90
26 121
26 107
26 102
26 95
26 87
26 97
26 29
26 8
26 98
26 106
26 130
26 24
26 7
26 196
26 77
26 180
26 12
26 74
26 10
26 153
26 144
26 83
26 48
26 85
26 119
26 186
26 1
27 1
27 126
27 61
27 74
27 175
27 167
27 67
27 39
27 129
27 137
27 104
27 144
27 114
27 86
27 198
27 115
27 3
27 12
27 37
27 166
27 162
27 51
27 125
27 72
27 68
27 148
27 94
27 10
27 16
27 97
27 116
27 158
27 100
27 168
27 44
27 199
27 71
27 195
27 93
27 88
27 58
27 50
27 21
27 139
27 140
27 160
27 82
27 171
27 150
27 35
27 73
27 23
27 165
27 134
27 101
27 55
27 132
27 145
27 69
27 123
27 91
27 147
27 174
27 92
27 156
27 57
27 87
27 157
27 131
27 83
27 28
27 170
27 189
27 90
27 36
27 122
27 124
27 186
27 141
27 169
27 128
27 184
27 161
27 188
27 183
27 164
27 109
27 196
27 76
27 108
27 135
27 0
27 54
27 105
27 48
27 149
27 8
27 41
27 11
27 63
27 95
27 64
27 112
27 45
27 19
27 7
27 42
27 46
27 179
27 65
27 118
27 159
27 119
27 4
27 24
27 49
27 17
27 30
27 96
27 190
27 20
27 89
27 111
27 56
27 13
27 26
27 31
27 155
27 99
27 85
27 117
27 197
27 106
27 181
27 163
27 151
27 177
27 14
27 194
27 143
27 182
27 66
27 107
27 70
27 121
27 130
27 18
27 62
27 191
27 172
27 138
27 80
27 136
27 43
27 176
27 52
27 133
27 146
27 9
27 142
28 123
28 188
28 138
28 174
28 168
28 193
28 159
28 189
28 94
28 52
28 161
28 173
28 135
28 176
28 103
28 128
28 42
28 30
28 91
28 117
28 107
28 160
28 196
28 194
28 11
28 53
28 83
28 149
28 132
28 43
28 26
28 88
28 61
28 47
28 145
28 184
28 54
28 90
28 92
28 102
28 154
28 57
28 25
28 177
28 62
28 21
28 185
28 72
28 121
28 106
28 89
28 119
28 14
28 13
28 139
28 183
28 165
28 59
28 152
28 16
28 67
28 175
28 2
28 190
28 158
28 115
28 12
28 99
28 7
28 140
28 148
28 142
28 71
28 157
28 195
28 77
28 58
28 86
28 27
28 141
28 79
28 8
28 95
28 32
28 147
28 111
28 144
28 40
28 182
28 178
28 63
28 82
28 172
28 108
28 125
28 197
28 18
28 20
28 155
28 136
28 24
28 81
28 51
28 36
28 146
28 73
28 35
28 23
28 65
28 179
28 166
28 163
28 9
28 33
28 3
28 50
28 164
28 15
28 66
28 104
28 101
28 133
28 38
28 150
28 112
28 170
28 181
28 64
28 198
28 0
28 75
28 44
28 98
28 134
28 153
28 93
28 22
28 80
28 187
28 122
28 5
28 171
28 180
28 41
28 70
28 39
28 4
28 1
28 29
28 156
28 100
28 131
28 186
28 113
28 167
28 48
28 151
28 137
28 68
28 199
28 192
28 46
28 49
28 109
28 169
28 55
28 120
28 60
28 34
28 37
29 76
29 18
29 139
29 129
29 106
29 123
29 101
29 190
29 78
29 99
29 197
29 114
29 13
29 110
29 92
29 3
29 162
29 21
29 133
29 39
29 160
29 193
29 5
29 47
29 8
29 141
29 81
29 176
29 87
29 145
29 53
29 185
29 182
29 175
29 125
29 23
29 137
29 155
29 34
29 184
29 103
29 31
29 192
29 20
29 143
29 119
29 174
29 89
29 165
29 180
29 196
29 161
29 59
29 7
29 83
29 45
29 151
29 40
29 108
29 24
29 127
29 60
29 6
29 51
29 68
29 140
29 153
29 130
29 189
29 122
29 55
29 15
29 64
29 198
29 80
29 171
29 91
29 61
29 44
29 138
29 112
29 142
29 66
29 188
29 107
29 152
29 0
29 33
29 187
29 154
29 121
29 111
29 150
29 54
29 12
29 173
29 30
29 183
29 19
29 84
29 120
29 35
29 86
29 134
29 164
29 10
29 25
29 22
29 32
29 172
29 169
29 50
29 158
29 157
29 70
29 100
29 42
29 49
29 95
29 199
29 170
29 4
29 96
29 36
29 105
29 179
29 82
29 11
29 37
29 102
29 144
29 77
29 90
29 43
29 124
29 135
29 79
29 116
29 63
29 186
29 69
29 41
29 117
29 73
29 26
29 1
29 28
29 9
29 2
29 146
29 118
29 132
29 71
29 67
29 147
29 14
29 149
29 48
29 94
29 168
29 126
29 85
30 70
30 164
30 165
30 129
30 106
30 163
30 9
30 102
30 139
30 28
30 36
30 145
30 166
30 161
30 86
30 13
30 190
30 172
30 54
30 137
30 34
30 15
30 64
30 92
30 84
30 192
30 6
30 111
30 109
30 153
30 160
30 113
30 124
30 19
30 25
30 81
30 114
30 135
30 80
30 175
30 159
30 17
30 182
30 56
30 195
30 44
30 95
30 186
30 41
30 32
30 89
30 42
30 197
30 141
30 8
30 118
30 91
30 128
30 59
30 65
30 68
30 85
30 83
30 10
30 199
30 0
30 88
30 67
30 21
30 31
30 26
30 110
30 98
30 196
30 188
30 126
30 173
30 154
30 90
30 142
30 104
30 120
30 79
30 14
30 29
30 63
30 127
30 71
30 35
30 99
30 77
30 133
30 123
30 189
30 147
30 57
30 38
30 73
30 93
30 66
30 156
30 50
30 60
30 23
30 144
30 115
30 151
30 20
30 12
30 61
30 27
30 185
30 62
30 170
30 45
30 162
30 174
30 112
30 51
30 74
30 178
30 22
30 194
30 24
30 150
30 3
30 108
30 5
30 46
30 183
30 158
30 96
30 7
30 1
30 177
30 157
30 167
30 103
30 82
30 101
30 52
30 40
30 4
30 198
30 143
30 134
30 168
30 100
30 47
30 116
30 87
30 75
30 53
30 18
30 155
30 148
30 193
30 78
31 164
31 139
31 85
31 103
31 107
31 25
31 131
31 136
31 81
31 72
31 194
31 97
31 104
31 108
31 159
31 179
31 177
31 110
31 3
31 42
31 143
31 76
31 26
31 35
31 61
31 145
31 98
31 163
31 16
31 186
31 146
31 75
31 29
31 174
31 168
31 38
31 41
31 192
31 161
31 190
31 121
31 45
31 156
31 132
31 184
31 124
31 33
31 17
31 105
31 24
31 64
31 128
31 109
31 99
31 138
31 106
31 191
31 53
31 10
31 178
31 188
31 23
31 80
31 4
31 102
31 46
31 83
31 137
31 187
31 180
31 130
31 90
31 79
31 193
31 69
31 141
31 118
31 114
31 68
31 120
31 77
31 96
31 20
31 123
31 117
31 189
31 127
31 196
31 63
31 142
31 2
31 95
31 30
31 113
31 49
31 21
31 116
31 37
31 93
31 125
31 87
31 91
31 197
31 43
31 119
31 52
31 32
31 67
31 88
31 47
31 84
31 149
31 13
31 160
31 154
31 7
31 153
31 112
31 56
31 1
31 36
31 134
31 51
31 50
31 89
31 22
31 135
31 15
31 111
31 176
31 195
31 126
31 60
31 5
31 8
31 39
31 48
31 158
31 157
31 86
31 27
31 78
31 150
31 9
31 100
31 172
31 74
31 54
31 199
31 62
31 166
31 18
31 70
31 147
31 101
31 65
31 122
31 19
31 115
31 94
31 152
31 181
31 58
31 129
31 82
31 182
31 55
31 6
31 44
31 165
31 167
31 175
31 151
32 17
32 145
32 151
32 163
32 104
32 120
32 63
32 51
32 124
32 50
32 26
32 88
32 135
32 64
32 132
32 71
32 159
32 102
32 1
32 94
32 16
32 58
32 137
32 160
32 22
32 113
32 47
32 92
32 67
32 79
32 190
32 81
32 43
32 179
32 177
32 35
32 21
32 117
32 54
32 9
32 93
32 84
32 128
32 156
32 167
32 10
32 105
32 61
32 6
32 100
32 162
32 85
32 41
32 138
32 49
32 87
32 30
32 4
32 173
32 193
32 0
32 142
32 106
32 148
32 77
32 20
32 119
32 89
32 144
32 55
32 157
32 101
32 127
32 24
32 34
32 110
32 74
32 170
32 28
32 37
32 154
32 2
32 192
32 176
32 183
32 25
32 44
32 31
32 70
32 172
32 194
32 161
32 83
32 150
32 36
32 80
32 19
32 187
32 7
32 11
32 56
32 181
32 42
32 29
32 125
32 122
32 109
32 198
32 152
32 175
32 178
32 45
32 3
32 68
32 38
32 186
32 196
32 82
32 131
32 129
32 95
32 188
32 99
32 69
32 12
32 166
32 60
32 108
32 52
32 123
32 155
32 39
32 23
32 182
32 130
32 180
32 66
32 40
32 147
32 116
32 189
32 57
32 139
32 121
32 143
32 14
32 174
32 96
32 169
32 126
32 46
32 115
32 199
32 171
32 75
32 111
32 185
32 78
32 73
32 76
32 140
32 158
32 153
32 72
32 33
32 165
32 112
32 195
33 194
33 154
33 193
33 94
33 168
33 18
33 126
33 165
33 153
33 20
33 192
33 80
33 183
33 51
33 97
33 163
33 131
33 172
33 74
33 116
33 185
33 83
33 47
33 137
33 181
33 149
33 31
33 103
33 109
33 81
33 128
33 173
33 166
33 79
33 127
33 145
33 112
33 101
33 133
33 67
33 111
33 120
33 43
33 10
33 62
33 98
33 46
33 7
33 113
33 182
33 82
33 121
33 91
33 151
33 169
33 195
33 90
33 89
33 39
33 44
33 17
33 78
33 3
33 187
33 2
33 84
33 57
33 41
33 158
33 76
33 114
33 175
33 6
33 159
33 29
33 77
33 147
33 134
33 40
33 48
33 12
33 160
33 118
33 107
33 155
33 135
33 199
33 69
33 52
33 58
33 75
33 70
33 106
33 61
33 100
33 110
33 156
33 1
33 148
33 99
33 59
33 38
33 28
33 197
33 50
33 88
33 142
33 66
33 53
33 96
33 45
33 184
33 162
33 136
33 105
33 180
33 102
33 138
33 167
33 37
33 9
33 108
33 63
33 35
33 85
33 0
33 22
33 150
33 16
33 5
33 122
33 189
33 64
33 178
33 115
33 119
33 170
33 196
33 65
33 152
33 171
33 23
33 132
33 68
33 34
33 4
33 49
33 191
33 56
33 86
33 25
33 188
33 164
33 42
33 130
33 54
33 179
33 190
33 32
33 124
33 11
33 125
33 144
34 78
34 24
34 46
34 100
34 66
34 60
34 35
34 178
34 8
34 162
34 177
34 63
34 192
34 83
34 2
34 171
34 85
34 88
34 144
34 134
34 160
34 86
34 1
34 116
34 30
34 145
34 164
34 20
34 29
34 64
34 146
34 122
34 110
34 5
34 152
34 21
34 154
34 90
34 163
34 104
34 106
34 0
34 132
34 39
34 185
34 120
34 44
34 23
34 156
34 109
34 71
34 179
34 123
34 135
34 150
34 194
34 183
34 111
34 74
34 142
34 118
34 169
34 91
34 72
34 127
34 137
34 87
34 6
34 32
34 155
34 147
34 197
34 47
34 176
34 26
34 128
34 55
34 180
34 115
34 4
34 19
34 188
34 79
34 141
34 84
34 92
34 13
34 94
34 136
34 149
34 184
34 43
34 133
34 17
34 186
34 105
34 195
34 199
34 196
34 107
34 68
34 138
34 102
34 108
34 25
34 166
34 124
34 172
34 140
34 69
34 9
34 40
34 159
34 81
34 52
34 3
34 48
34 170
34 113
34 93
34 76
34 38
34 11
34 73
34 161
34 98
34 121
34 61
34 157
34 190
34 57
34 191
34 103
34 18
34 95
34 175
34 165
34 70
34 174
34 14
34 77
34 10
34 58
34 97
34 59
34 22
34 187
34 53
34 33
34 114
34 12
34 96
34 130
34 168
34 16
34 41
34 126
34 36
34 101
34 112
34 28
35 164
35 116
35 161
35 140
35 100
35 111
35 115
35 150
35 149
35 0
35 73
35 34
35 62
35 180
35 118
35 16
35 50
35 31
35 159
35 109
35 86
35 130
35 189
35 88
35 96
35 110
35 97
35 44
35 32
35 84
35 106
35 133
35 92
35 139
35 37
35 70
35 27
35 146
35 1
35 26
35 172
35 155
35 90
35 199
35 101
35 3
35 107
35 74
35 54
35 108
35 12
35 194
35 4
35 79
35 95
35 181
35 124
35 157
35 119
35 104
35 76
35 188
35 87
35 5
35 156
35 21
35 163
35 167
35 89
35 8
35 24
35 135
35 42
35 175
35 93
35 158
35 123
35 168
35 197
35 49
35 59
35 114
35 153
35 196
35 125
35 82
35 186
35 52
35 136
35 30
35 51
35 29
35 72
35 58
35 81
35 94
35 71
35 103
35 28
35 127
35 7
35 178
35 121
35 171
35 170
35 46
35 47
35 36
35 102
35 98
35 195
35 99
35 38
35 56
35 176
35 132
35 198
35 22
35 117
35 192
35 129
35 77
35 48
35 15
35 68
35 143
35 33
35 13
35 182
35 9
35 173
35 179
35 45
35 183
35 187
35 190
35 20
35 64
35 193
35 145
35 113
35 23
35 80
35 17
35 25
35 148
35 147
35 53
35 43
35 75
35 174
35 57
35 162
35 165
35 63
35 134
36 160
36 184
36 132
36 167
36 152
36 180
36 75
36 193
36 30
36 0
36 46
36 108
36 8
36 183
36 106
36 4
36 23
36 138
36 142
36 88
36 114
36 60
36 20
36 63
36 148
36 155
36 130
36 71
36 149
36 144
36 119
36 92
36 2
36 166
36 13
36 146
36 181
36 67
36 170
36 159
36 50
36 140
36 91
36 53
36 74
36 22
36 58
36 101
36 197
36 38
36 80
36 173
36 55
36 11
36 120
36 98
36 87
36 79
36 198
36 72
36 185
36 151
36 40
36 139
36 150
36 199
36 171
36 27
36 76
36 64
36 12
36 195
36 3
36 26
36 182
36 137
36 52
36 136
36 194
36 84
36 90
36 187
36 82
36 14
36 6
36 28
36 188
36 122
36 31
36 54
36 32
36 65
36 133
36 62
36 196
36 100
36 10
36 35
36 89
36 156
36 1
36 49
36 118
36 158
36 123
36 73
36 121
36 29
36 24
36 43
36 96
36 174
36 141
36 176
36 191
36 175
36 103
36 134
36 153
36 143
36 157
36 126
36 179
36 77
36 9
36 69
36 110
36 16
36 116
36 105
36 57
36 83
36 95
36 37
36 21
36 102
36 162
36 117
36 93
36 81
36 161
36 169
36 164
36 7
36 128
36 68
36 34
36 192
36 18
36 47
36 42
36 127
36 112
37 72
37 185
37 85
37 162
37 198
37 137
37 61
37 176
37 91
37 138
37 12
37 16
37 25
37 151
37 17
37 95
37 146
37 118
37 189
37 126
37 27
37 48
37 144
37 52
37 109
37 21
37 86
37 2
37 14
37 172
37 42
37 177
37 180
37 199
37 10
37 112
37 22
37 145
37 154
37 4
37 77
37 122
37 39
37 35
37 197
37 115
37 149
37 173
37 140
37 170
37 163
37 67
37 1
37 168
37 55
37 110
37 19
37 6
37 164
37 47
37 106
37 11
37 7
37 99
37 63
37 124
37 125
37 68
37 56
37 181
37 113
37 108
37 58
37 84
37 123
37 40
37 148
37 45
37 65
37 31
37 32
37 195
37 92
37 192
37 111
37 5
37 13
37 80
37 139
37 127
37 0
37 153
37 103
37 136
37 97
37 51
37 134
37 66
37 100
37 161
37 194
37 186
37 147
37 105
37 167
37 114
37 184
37 196
37 43
37 183
37 130
37 187
37 18
37 193
37 131
37 175
37 155
37 79
37 29
37 88
37 71
37 73
37 142
37 33
37 132
37 3
37 9
37 171
37 120
37 98
37 179
37 59
37 93
37 76
37 156
37 166
37 116
37 101
37 188
37 20
37 15
37 128
37 50
37 83
37 36
37 23
37 157
37 24
37 178
37 191
37 165
37 190
37 70
37 135
37 28
37 89
38 112
38 5
38 23
38 166
38 88
38 44
38 157
38 105
38 103
38 90
38 3
38 15
38 160
38 12
38 142
38 195
38 161
38 128
38 60
38 10
38 66
38 77
38 138
38 74
38 31
38 198
38 48
38 99
38 199
38 119
38 50
38 179
38 39
38 104
38 197
38 63
38 78
38 172
38 171
38 36
38 163
38 92
38 58
38 162
38 76
38 132
38 65
38 158
38 94
38 52
38 169
38 181
38 131
38 84
38 168
38 192
38 140
38 177
38 113
38 61
38 186
38 174
38 152
38 123
38 184
38 100
38 118
38 87
38 125
38 62
38 193
38 95
38 122
38 55
38 127
38 85
38 26
38 164
38 154
38 136
38 93
38 89
38 40
38 150
38 1
38 98
38 97
38 180
38 170
38 107
38 189
38 47
38 173
38 4
38 30
38 86
38 33
38 19
38 68
38 155
38 21
38 139
38 145
38 13
38 24
38 79
38 109
38 191
38 35
38 7
38 20
38 32
38 6
38 25
38 185
38 83
38 28
38 34
38 57
38 22
38 70
38 190
38 69
38 117
38 141
38 53
38 42
38 196
38 8
38 194
38 64
38 149
38 96
38 59
38 41
38 165
38 43
38 51
38 167
38 101
38 143
38 115
38 183
38 111
38 129
38 110
38 144
38 91
38 11
38 178
38 106
38 146
38 114
38 56
38 133
38 187
38 17
38 14
38 148
38 82
38 16
38 153
38 126
38 46
38 75
38 120
38 9
38 71
38 175
38 67
39 183
39 76
39 141
39 160
39 53
39 27
39 156
39 86
39 0
39 91
39 85
39 186
39 94
39 29
39 137
39 103
39 90
39 54
39 128
39 80
39 12
39 138
39 10
39 43
39 60
39 193
39 55
39 17
39 81
39 107
39 2
39 130
39 117
39 100
39 67
39 197
39 62
39 82
39 154
39 38
39 14
39 172
39 106
39 49
39 37
39 34
39 73
39 7
39 157
39 140
39 87
39 108
39 8
39 47
39 151
39 187
39 145
39 163
39 122
39 58
39 167
39 190
39 92
39 98
39 19
39 146
39 16
39 50
39 64
39 196
39 112
39 33
39 24
39 125
39 96
39 176
39 182
39 40
39 111
39 110
39 131
39 121
39 120
39 127
39 21
39 177
39 99
39 6
39 184
39 166
39 198
39 102
39 124
39 69
39 195
39 159
39 45
39 95
39 46
39 143
39 173
39 180
39 192
39 158
39 165
39 78
39 174
39 188
39 191
39 142
39 11
39 57
39 5
39 104
39 4
39 148
39 48
39 144
39 116
39 135
39 175
39 31
39 171
39 123
39 199
39 83
39 56
39 63
39 152
39 189
39 32
39 88
39 41
39 162
39 42
39 51
39 1
39 164
39 101
39 132
39 79
39 185
39 28
39 194
39 114
39 113
39 65
39 139
39 168
39 23
39 161
39 126
39 115
39 119
39 84
39 71
39 52
39 44
39 3
39 15
39 9
39 181
40 137
40 132
40 61
40 21
40 69
40 151
40 162
40 71
40 180
40 108
40 83
40 164
40 128
40 122
40 80
40 172
40 22
40 57
40 98
40 84
40 63
40 59
40 105
40 76
40 130
40 125
40 17
40 64
40 10
40 11
40 7
40 157
40 90
40 87
40 159
40 135
40 179
40 47
40 119
40 46
40 66
40 166
40 24
40 176
40 113
40 72
40 91
40 193
40 18
40 126
40 65
40 197
40 49
40 45
40 29
40 51
40 56
40 161
40 54
40 150
40 155
40 25
40 103
40 36
40 23
40 39
40 133
40 127
40 143
40 26
40 170
40 88
40 68
40 198
40 12
40 37
40 96
40 160
40 28
40 195
40 43
40 33
40 67
40 183
40 129
40 38
40 114
40 55
40 173
40 145
40 9
40 14
40 102
40 82
40 190
40 142
40 165
40 194
40 8
40 5
40 175
40 117
40 34
40 146
40 120
40 53
40 60
40 140
40 93
40 156
40 89
40 0
40 147
40 94
40 104
40 123
40 77
40 111
40 191
40 19
40 118
40 74
40 182
40 167
40 171
40 6
40 186
40 75
40 79
40 101
40 78
40 106
40 32
40 124
40 177
40 100
40 139
40 187
40 121
40 73
40 30
40 184
40 48
40 199
40 4
40 3
40 15
40 158
40 115
40 20
40 138
40 136
40 110
40 107
40 163
40 13
40 131
40 178
40 174
40 134
40 181
40 185
40 44
40 144
41 103
41 81
41 133
41 15
41 3
41 91
41 118
41 49
41 165
41 171
41 106
41 86
41 11
41 90
41 44
41 188
41 174
41 178
41 126
41 116
41 100
41 23
41 158
41 156
41 144
41 14
41 94
41 17
41 54
41 53
41 127
41 150
41 72
41 31
41 143
41 65
41 0
41 96
41 6
41 162
41 191
41 52
41 184
41 160
41 19
41 149
41 71
41 50
41 32
41 30
41 82
41 7
41 26
41 176
41 67
41 154
41 124
41 93
41 193
41 190
41 16
41 139
41 164
41 181
41 43
41 172
41 170
41 60
41 51
41 1
41 189
41 33
41 157
41 97
41 141
41 166
41 114
41 78
41 77
41 185
41 104
41 45
41 76
41 192
41 110
41 10
41 63
41 27
41 148
41 108
41 161
41 112
41 18
41 109
41 146
41 136
41 79
41 199
41 20
41 163
41 21
41 137
41 175
41 64
41 83
41 22
41 9
41 73
41 56
41 123
41 38
41 70
41 131
41 62
41 39
41 107
41 29
41 132
41 99
41 105
41 120
41 128
41 74
41 55
41 8
41 28
41 196
41 111
41 122
41 168
41 152
41 125
41 69
41 138
41 102
41 58
41 89
41 155
41 169
41 142
41 34
41 177
41 145
41 87
41 12
41 180
41 159
41 66
41 151
41 5
42 0
42 193
42 82
42 74
42 90
42 73
42 104
42 92
42 140
42 75
42 28
42 98
42 14
42 46
42 43
42 184
42 155
42 132
42 179
42 79
42 31
42 88
42 172
42 150
42 117
42 17
42 47
42 136
42 144
42 189
42 186
42 78
42 37
42 145
42 110
42 128
42 108
42 168
42 134
42 21
42 53
42 22
42 131
42 182
42 30
42 5
42 2
42 152
42 56
42 80
42 9
42 141
42 139
42 48
42 159
42 183
42 68
42 166
42 137
42 107
42 109
42 142
42 93
42 119
42 10
42 96
42 1
42 8
42 121
42 85
42 86
42 170
42 67
42 35
42 162
42 51
42 158
42 167
42 103
42 154
42 45
42 3
42 24
42 173
42 18
42 177
42 6
42 112
42 19
42 125
42 174
42 27
42 91
42 99
42 64
42 12
42 66
42 32
42 194
42 95
42 7
42 69
42 54
42 29
42 163
42 115
42 4
42 118
42 199
42 11
42 178
42 181
42 13
42 52
42 16
42 38
42 147
42 72
42 146
42 84
42 65
42 123
42 76
42 122
42 113
42 89
42 187
42 49
42 192
42 39
42 120
42 111
42 130
42 83
42 81
42 61
42 70
42 195
42 191
42 129
42 101
42 133
42 171
42 60
42 198
42 114
42 77
42 23
42 175
42 58
42 188
42 57
42 33
42 36
42 87
43 64
43 3
43 47
43 121
43 68
43 54
43 72
43 107
43 137
43 152
43 49
43 42
43 106
43 116
43 28
43 128
43 111
43 19
43 166
43 143
43 147
43 39
43 80
43 175
43 190
43 188
43 32
43 180
43 156
43 124
43 104
43 139
43 140
43 149
43 15
43 58
43 101
43 16
43 2
43 170
43 142
43 33
43 1
43 0
43 127
43 84
43 183
43 198
43 125
43 69
43 17
43 151
43 81
43 197
43 114
43 41
43 21
43 70
43 158
43 88
43 185
43 31
43 134
43 129
43 186
43 40
43 76
43 117
43 34
43 79
43 159
43 59
43 91
43 105
43 155
43 67
43 167
43 18
43 191
43 110
43 144
43 13
43 171
43 25
43 73
43 108
43 75
43 122
43 109
43 103
43 153
43 37
43 130
43 141
43 99
43 120
43 192
43 178
43 56
43 5
43 92
43 61
43 119
43 14
43 173
43 138
43 123
43 26
43 22
43 65
43 44
43 196
43 36
43 46
43 199
43 20
43 53
43 55
43 113
43 29
43 179
43 193
43 38
43 181
43 11
43 8
43 7
43 24
43 146
43 195
43 71
43 60
43 95
43 161
43 115
43 182
43 51
43 169
43 52
43 4
43 177
43 164
43 50
43 63
43 94
43 163
43 85
43 150
43 27
43 97
43 35
43 57
43 102
43 126
43 145
43 194
43 157
44 170
44 155
44 38
44 60
44 23
44 8
44 128
44 162
44 41
44 70
44 102
44 88
44 18
44 152
44 87
44 119
44 22
44 115
44 123
44 197
44 165
44 145
44 171
44 64
44 17
44 35
44 27
44 57
44 74
44 131
44 166
44 183
44 50
44 79
44 178
44 16
44 68
44 97
44 77
44 147
44 180
44 114
44 146
44 52
44 34
44 61
44 12
44 198
44 86
44 30
44 101
44 73
44 66
44 194
44 133
44 116
44 157
44 108
44 150
44 6
44 13
44 93
44 142
44 117
44 33
44 62
44 120
44 75
44 80
44 20
44 0
44 19
44 29
44 85
44 109
44 104
44 84
44 103
44 199
44 173
44 159
44 32
44 172
44 25
44 65
44 15
44 92
44 141
44 160
44 151
44 167
44 95
44 135
44 99
44 124
44 76
44 10
44 100
44 193
44 26
44 176
44 107
44 139
44 78
44 11
44 182
44 21
44 140
44 188
44 51
44 130
44 169
44 45
44 127
44 190
44 110
44 83
44 4
44 192
44 187
44 43
44 69
44 55
44 195
44 9
44 1
44 191
44 82
44 129
44 28
44 174
44 14
44 186
44 153
44 156
44 189
44 179
44 53
44 161
44 137
44 118
44 48
44 168
44 96
44 91
44 24
44 7
44 122
44 136
44 63
44 105
44 125
44 39
44 67
44 31
44 158
44 40
45 4
45 112
45 106
45 184
45 54
45 82
45 1
45 162
45 98
45 151
45 128
45 5
45 137
45 156
45 191
45 116
45 177
45 71
45 21
45 172
45 157
45 0
45 154
45 109
45 142
45 123
45 47
45 101
45 161
45 31
45 150
45 16
45 197
45 24
45 115
45 153
45 176
45 147
45 189
45 119
45 8
45 53
45 29
45 87
45 171
45 78
45 186
45 40
45 111
45 99
45 69
45 20
45 89
45 61
45 135
45 81
45 114
45 169
45 192
45 133
45 3
45 18
45 141
45 80
45 140
45 94
45 37
45 196
45 22
45 146
45 190
45 46
45 65
45 63
45 84
45 185
45 85
45 41
45 90
45 42
45 130
45 62
45 55
45 125
45 51
45 39
45 6
45 173
45 27
45 102
45 129
45 52
45 139
45 107
45 95
45 79
45 160
45 96
45 25
45 91
45 118
45 72
45 195
45 199
45 33
45 149
45 48
45 32
45 97
45 44
45 50
45 193
45 127
45 155
45 59
45 23
45 30
45 70
45 75
45 143
45 194
45 86
45 7
45 73
45 19
45 138
45 182
45 88
45 126
45 183
45 121
45 105
45 92
45 93
45 104
45 66
45 113
45 74
45 2
45 35
45 144
45 181
45 57
45 174
45 179
45 77
45 180
45 187
45 76
45 188
45 17
45 100
45 10
45 108
45 178
45 117
45 198
46 63
46 34
46 159
46 166
46 137
46 59
46 174
46 116
46 115
46 86
46 42
46 36
46 140
46 83
46 143
46 60
46 20
46 199
46 98
46 89
46 56
46 18
46 172
46 188
46 66
46 6
46 120
46 191
46 133
46 48
46 26
46 99
46 67
46 47
46 132
46 11
46 134
46 107
46 5
46 186
46 78
46 40
46 94
46 163
46 106
46 123
46 156
46 87
46 161
46 112
46 68
46 14
46 196
46 72
46 100
46 131
46 31
46 54
46 33
46 76
46 154
46 25
46 160
46 151
46 145
46 175
46 150
46 167
46 105
46 142
46 61
46 190
46 104
46 97
46 197
46 45
46 75
46 141
46 71
46 4
46 176
46 147
46 170
46 95
46 148
46 110
46 198
46 130
46 149
46 3
46 2
46 139
46 182
46 39
46 88
46 192
46 189
46 79
46 27
46 53
46 1
46 35
46 65
46 84
46 80
46 69
46 22
46 193
46 15
46 55
46 91
46 50
46 102
46 74
46 162
46 101
46 121
46 119
46 13
46 17
46 23
46 51
46 70
46 12
46 43
46 135
46 155
46 117
46 153
46 171
46 194
46 144
46 30
46 164
46 109
46 0
46 85
46 103
46 152
46 52
46 183
46 108
46 32
46 8
46 187
46 49
46 178
46 38
46 10
46 195
46 138
46 16
46 181
46 113
46 165
46 64
46 81
46 28
46 125
46 126
46 93
46 96
46 177
46 82
46 21
46 57
46 118
46 62
46 128
46 58
47 195
47 159
47 166
47 43
47 3
47 123
47 171
47 197
47 10
47 65
47 63
47 190
47 55
47 79
47 92
47 174
47 184
47 64
47 29
47 28
47 15
47 99
47 136
47 70
47 42
47 32
47 105
47 151
47 21
47 129
47 86
47 45
47 130
47 147
47 46
47 33
47 96
47 67
47 119
47 58
47 155
47 40
47 1
47 150
47 49
47 76
47 100
47 94
47 142
47 39
47 160
47 124
47 75
47 9
47 95
47 7
47 112
47 91
47 8
47 182
47 17
47 13
47 110
47 164
47 37
47 59
47 157
47 163
47 103
47 5
47 168
47 11
47 198
47 156
47 144
47 56
47 143
47 169
47 69
47 34
47 199
47 97
47 68
47 131
47 83
47 120
47 6
47 170
47 117
47 31
47 78
47 193
47 62
47 102
47 175
47 89
47 106
47 158
47 23
47 20
47 138
47 146
47 38
47 181
47 93
47 71
47 48
47 18
47 114
47 194
47 35
47 80
47 12
47 141
47 118
47 134
47 66
47 185
47 161
47 177
47 149
47 14
47 178
47 121
47 77
47 81
47 24
47 25
47 173
47 122
47 26
47 2
47 127
47 188
47 108
47 180
47 98
47 165
47 54
47 153
47 111
47 179
47 152
47 186
47 90
47 133
47 192
47 113
47 183
47 52
47 115
47 101
47 145
47 128
47 30
47 50
47 126
47 135
47 176
47 36
47 107
47 109
47 187
47 87
48 182
48 156
48 56
48 23
48 137
48 85
48 51
48 2
48 74
48 167
48 11
48 143
48 8
48 50
48 114
48 126
48 90
48 52
48 132
48 127
48 14
48 194
48 188
48 37
48 73
48 21
48 107
48 116
48 183
48 0
48 144
48 64
48 176
48 53
48 134
48 196
48 75
48 108
48 38
48 112
48 138
48 46
48 3
48 63
48 177
48 117
48 92
48 49
48 187
48 58
48 113
48 102
48 151
48 149
48 93
48 97
48 173
48 148
48 178
48 66
48 100
48 7
48 18
48 106
48 94
48 121
48 111
48 81
48 124
48 42
48 55
48 5
48 59
48 99
48 141
48 184
48 12
48 180
48 158
48 161
48 186
48 122
48 190
48 153
48 171
48 198
48 95
48 101
48 157
48 179
48 87
48 33
48 27
48 105
48 103
48 160
48 123
48 77
48 119
48 109
48 15
48 84
48 128
48 129
48 10
48 71
48 47
48 192
48 89
48 191
48 175
48 115
48 96
48 135
48 54
48 45
48 16
48 76
48 39
48 34
48 130
48 169
48 185
48 150
48 31
48 82
48 181
48 80
48 91
48 118
48 35
48 155
48 147
48 69
48 83
48 70
48 25
48 195
48 170
48 4
48 98
48 44
48 139
48 142
48 199
48 19
48 60
48 164
48 154
48 40
48 28
48 79
48 68
48 86
48 146
48 17
48 125
48 29
48 24
48 26
48 78
48 13
48 197
49 81
49 174
49 144
49 116
49 41
49 183
49 83
49 56
49 74
49 7
49 43
49 70
49 51
49 4
49 103
49 12
49 140
49 55
49 188
49 63
49 23
49 54
49 134
49 87
49 64
49 50
49 82
49 85
49 53
49 59
49 105
49 79
49 22
49 84
49 118
49 24
49 48
49 169
49 96
49 47
49 39
49 154
49 112
49 178
49 111
49 78
49 128
49 32
49 91
49 146
49 26
49 167
49 173
49 145
49 40
49 58
49 88
49 148
49 157
49 152
49 113
49 110
49 92
49 122
49 61
49 187
49 137
49 131
49 159
49 65
49 160
49 10
49 104
49 77
49 155
49 181
49 68
49 31
49 149
49 123
49 190
49 166
49 124
49 109
49 20
49 192
49 35
49 156
49 165
49 177
49 147
49 180
49 117
49 95
49 130
49 133
49 191
49 97
49 18
49 185
49 13
49 75
49 176
49 14
49 151
49 15
49 69
49 27
49 121
49 119
49 36
49 17
49 102
49 126
49 11
49 29
49 60
49 164
49 19
49 2
49 193
49 158
49 94
49 21
49 80
49 89
49 67
49 73
49 90
49 162
49 125
49 153
49 196
49 170
49 42
49 115
49 108
49 195
49 16
49 6
49 46
49 198
49 127
49 135
49 9
49 161
49 120
49 189
49 172
49 194
49 33
49 186
49 184
49 28
49 132
49 62
49 57
49 1
50 123
50 195
50 145
50 160
50 162
50 93
50 183
50 18
50 187
50 11
50 124
50 74
50 105
50 48
50 54
50 32
50 129
50 80
50 135
50 35
50 49
50 103
50 56
50 198
50 188
50 102
50 164
50 38
50 146
50 190
50 51
50 69
50 10
50 44
50 166
50 4
50 113
50 36
50 139
50 72
50 6
50 27
50 66
50 14
50 117
50 97
50 41
50 110
50 52
50 96
50 134
50 128
50 13
50 182
50 111
50 98
50 86
50 185
50 65
50 39
50 92
50 59
50 138
50 20
50 181
50 83
50 19
50 121
50 9
50 2
50 165
50 132
50 91
50 150
50 141
50 144
50 156
50 175
50 176
50 0
50 60
50 77
50 90
50 118
50 24
50 68
50 75
50 108
50 1
50 168
50 178
50 3
50 116
50 161
50 79
50 7
50 106
50 88
50 104
50 130
50 169
50 31
50 23
50 21
50 53
50 33
50 30
50 172
50 28
50 125
50 29
50 70
50 149
50 159
50 58
50 46
50 45
50 142
50 84
50 87
50 184
50 199
50 63
50 193
50 109
50 180
50 16
50 196
50 140
50 67
50 95
50 8
50 153
50 154
50 37
50 85
50 136
50 122
50 173
50 43
50 155
50 143
50 163
50 167
50 82
50 94
50 186
50 194
50 148
50 47
50 191
50 12
50 151
50 112
50 177
51 130
51 85
51 48
51 80
51 173
51 166
51 155
51 32
51 137
51 121
51 107
51 83
51 49
51 139
51 98
51 115
51 113
51 154
51 117
51 127
51 27
51 79
51 33
51 145
51 94
51 188
51 193
51 69
51 108
51 170
51 59
51 185
51 63
51 174
51 164
51 159
51 50
51 198
51 187
51 124
51 12
51 89
51 84
51 167
51 15
51 114
51 88
51 60
51 55
51 9
51 195
51 135
51 163
51 40
51 66
51 179
51 177
51 29
51 90
51 86
51 132
51 26
51 75
51 54
51 99
51 67
51 181
51 41
51 6
51 11
51 19
51 20
51 95
51 87
51 1
51 16
51 101
51 74
51 142
51 122
51 156
51 7
51 118
51 96
51 42
51 91
51 194
51 119
51 35
51 186
51 168
51 37
51 45
51 28
51 25
51 68
51 31
51 189
51 53
51 78
51 44
51 57
51 111
51 100
51 14
51 71
51 140
51 73
51 104
51 4
51 153
51 23
51 46
51 196
51 8
51 30
51 18
51 182
51 131
51 141
51 160
51 134
51 92
51 161
51 199
51 180
51 24
51 110
51 38
51 70
51 165
51 39
51 190
51 162
51 43
51 56
51 158
51 116
51 175
51 22
51 81
51 76
51 103
51 13
51 144
51 123
51 97
51 10
51 191
51 183
51 61
51 150
51 106
51 93
51 133
52 181
52 184
52 21
52 188
52 111
52 28
52 121
52 104
52 143
52 127
52 76
52 66
52 48
52 15
52 113
52 90
52 149
52 136
52 7
52 120
52 118
52 180
52 148
52 37
52 60
52 192
52 135
52 78
52 99
52 96
52 85
52 161
52 151
52 69
52 187
52 11
52 62
52 190
52 122
52 197
52 41
52 75
52 140
52 167
52 145
52 199
52 171
52 44
52 156
52 106
52 59
52 50
52 154
52 38
52 81
52 169
52 79
52 108
52 82
52 179
52 2
52 147
52 131
52 56
52 146
52 172
52 89
52 157
52 77
52 176
52 26
52 0
52 189
52 71
52 138
52 123
52 109
52 175
52 183
52 6
52 186
52 31
52 191
52 19
52 3
52 159
52 36
52 1
52 153
52 35
52 33
52 73
52 119
52 16
52 18
52 54
52 174
52 74
52 142
52 110
52 193
52 23
52 45
52 133
52 126
52 103
52 177
52 20
52 141
52 34
52 124
52 102
52 93
52 14
52 155
52 80
52 139
52 42
52 8
52 185
52 98
52 152
52 182
52 83
52 61
52 32
52 57
52 65
52 160
52 91
52 117
52 137
52 9
52 144
52 67
52 170
52 12
52 24
52 195
52 53
52 22
52 46
52 43
52 130
52 132
52 30
52 47
52 196
52 125
52 115
52 87
52 39
52 27
52 13
52 116
52 164
52 55
52 5
53 72
53 26
53 20
53 0
53 39
53 4
53 135
53 118
53 180
53 58
53 16
53 69
53 172
53 123
53 2
53 136
53 28
53 125
53 156
53 195
53 124
53 57
53 132
53 29
53 130
53 49
53 59
53 48
53 111
53 181
53 108
53 18
53 41
53 80
53 65
53 25
53 62
53 146
53 147
53 36
53 42
53 76
53 15
53 23
53 89
53 139
53 183
53 45
53 31
53 115
53 64
53 102
53 90
53 192
53 154
53 68
53 188
53 6
53 94
53 113
53 70
53 9
53 144
53 85
53 22
53 84
53 184
53 87
53 182
53 185
53 73
53 120
53 78
53 134
53 155
53 86
53 24
53 5
53 168
53 186
53 152
53 171
53 56
53 14
53 162
53 167
53 174
53 114
53 169
53 127
53 11
53 1
53 133
53 46
53 157
53 99
53 191
53 61
53 51
53 50
53 21
53 107
53 3
53 165
53 33
53 166
53 55
53 176
53 142
53 40
53 74
53 164
53 189
53 10
53 145
53 83
53 110
53 116
53 141
53 38
53 109
53 100
53 170
53 131
53 96
53 43
53 122
53 66
53 179
53 67
53 103
53 7
53 44
53 91
53 138
53 71
53 52
53 178
53 150
53 101
53 79
53 34
53 198
53 196
53 143
53 97
53 129
53 35
53 104
53 140
53 175
53 30
53 19
53 81
53 8
54 125
54 141
54 114
54 72
54 79
54 91
54 76
54 43
54 11
54 166
54 4
54 45
54 193
54 168
54 194
54 158
54 108
54 107
54 95
54 50
54 186
54 190
54 1
54 111
54 73
54 132
54 49
54 10
54 39
54 30
54 2
54 104
54 89
54 57
54 163
54 85
54 101
54 28
54 69
54 12
54 41
54 154
54 62
54 117
54 161
54 5
54 110
54 196
54 32
54 172
54 142
54 192
54 182
54 162
54 64
54 157
54 19
54 56
54 105
54 175
54 84
54 167
54 46
54 61
54 15
54 35
54 40
54 148
54 126
54 3
54 124
54 26
54 181
54 16
54 7
54 51
54 145
54 93
54 133
54 14
54 151
54 90
54 94
54 149
54 127
54 136
54 180
54 63
54 70
54 185
54 143
54 164
54 150
54 29
54 22
54 27
54 131
54 128
54 120
54 60
54 80
54 135
54 106
54 52
54 147
54 159
54 86
54 129
54 75
54 103
54 68
54 20
54 152
54 36
54 144
54 118
54 66
54 121
54 92
54 139
54 78
54 67
54 42
54 48
54 188
54 165
54 83
54 170
54 58
54 102
54 99
54 25
54 179
54 174
54 100
54 119
54 55
54 176
54 109
54 197
54 98
54 31
54 153
54 178
54 199
54 198
54 47
54 113
54 24
54 155
54 71
54 81
54 13
54 130
54 156
54 140
54 187
54 137
54 112
54 23
54 173
54 123
54 88
54 33
54 160
54 77
54 87
55 70
55 102
55 18
55 142
55 7
55 64
55 26
55 163
55 47
55 114
55 188
55 62
55 63
55 99
55 49
55 3
55 109
55 74
55 6
55 81
55 76
55 112
55 116
55 13
55 39
55 180
55 1
55 17
55 149
55 178
55 110
55 172
55 124
55 181
55 171
55 183
55 19
55 185
55 108
55 122
55 130
55 113
55 15
55 88
55 136
55 51
55 36
55 27
55 195
55 37
55 107
55 159
55 131
55 65
55 120
55 57
55 148
55 175
55 69
55 48
55 96
55 160
55 177
55 95
55 187
55 83
55 32
55 29
55 11
55 56
55 100
55 189
55 152
55 8
55 34
55 25
55 38
55 192
55 128
55 184
55 127
55 93
55 90
55 161
55 72
55 191
55 167
55 61
55 78
55 193
55 157
55 45
55 40
55 166
55 77
55 97
55 94
55 144
55 173
55 10
55 82
55 2
55 117
55 53
55 158
55 14
55 46
55 176
55 126
55 145
55 147
55 21
55 118
55 129
55 23
55 115
55 92
55 44
55 5
55 9
55 89
55 73
55 154
55 54
55 43
55 66
55 59
55 197
55 123
55 87
55 0
55 155
55 138
55 164
55 41
55 153
55 143
55 162
55 134
55 137
55 133
55 84
55 151
55 168
55 140
55 31
55 12
55 141
55 190
55 80
55 86
55 58
55 132
55 170
55 156
55 52
55 125
55 28
55 199
55 194
55 165
55 91
56 48
56 124
56 122
56 126
56 182
56 118
56 134
56 63
56 112
56 102
56 49
56 62
56 99
56 199
56 177
56 165
56 93
56 179
56 67
56 8
56 167
56 46
56 4
56 94
56 50
56 25
56 100
56 196
56 84
56 81
56 98
56 1
56 184
56 12
56 70
56 162
56 158
56 164
56 30
56 147
56 14
56 54
56 73
56 142
56 16
56 192
56 169
56 143
56 189
56 155
56 40
56 42
56 135
56 22
56 71
56 65
56 90
56 95
56 127
56 7
56 130
56 52
56 125
56 69
56 37
56 109
56 55
56 20
56 47
56 160
56 57
56 82
56 60
56 180
56 121
56 191
56 74
56 114
56 119
56 120
56 151
56 188
56 138
56 10
56 161
56 68
56 53
56 113
56 123
56 146
56 133
56 78
56 31
56 152
56 166
56 13
56 145
56 186
56 96
56 115
56 32
56 183
56 171
56 173
56 11
56 168
56 110
56 76
56 17
56 198
56 19
56 59
56 174
56 35
56 24
56 111
56 195
56 43
56 197
56 27
56 97
56 156
56 88
56 157
56 103
56 141
56 86
56 116
56 136
56 6
56 39
56 41
56 108
56 131
56 61
56 64
56 5
56 163
56 128
56 105
56 18
56 83
56 51
56 159
56 185
56 38
56 9
56 132
56 178
56 0
56 2
56 75
56 176
56 172
56 33
56 79
56 187
56 101
56 153
56 106
57 5
57 23
57 127
57 154
57 71
57 174
57 188
57 152
57 20
57 62
57 40
57 0
57 54
57 53
57 151
57 64
57 121
57 14
57 133
57 160
57 92
57 28
57 186
57 163
57 115
57 44
57 88
57 169
57 164
57 132
57 72
57 9
57 112
57 157
57 61
57 136
57 79
57 83
57 77
57 180
57 179
57 129
57 86
57 87
57 126
57 2
57 150
57 119
57 7
57 134
57 1
57 55
57 85
57 184
57 98
57 102
57 124
57 22
57 13
57 27
57 56
57 33
57 26
57 3
57 149
57 140
57 96
57 4
57 144
57 107
57 158
57 145
57 106
57 76
57 105
57 91
57 192
57 173
57 117
57 172
57 24
57 30
57 94
57 10
57 196
57 25
57 60
57 12
57 51
57 21
57 130
57 161
57 95
57 122
57 39
57 156
57 90
57 198
57 108
57 89
57 78
57 137
57 19
57 138
57 68
57 166
57 116
57 38
57 187
57 81
57 195
57 113
57 110
57 34
57 75
57 142
57 52
57 178
57 65
57 148
57 67
57 194
57 58
57 45
57 32
57 199
57 181
57 114
57 36
57 103
57 165
57 189
57 176
57 183
57 17
57 84
57 185
57 170
57 159
57 74
57 69
57 11
57 15
57 59
57 43
57 118
57 143
57 42
57 139
57 182
57 35
57 153
57 49
57 46
57 111
57 16
58 71
58 13
58 14
58 2
58 53
58 19
58 188
58 199
58 153
58 174
58 79
58 159
58 80
58 32
58 172
58 154
58 179
58 15
58 10
58 26
58 149
58 157
58 158
58 178
58 177
58 68
58 110
58 141
58 47
58 27
58 43
58 152
58 128
58 48
58 98
58 63
58 151
58 36
58 132
58 76
58 194
58 160
58 185
58 38
58 121
58 16
58 39
58 164
58 182
58 175
58 113
58 122
58 49
58 168
58 67
58 139
58 169
58 6
58 120
58 28
58 86
58 190
58 118
58 198
58 37
58 142
58 84
58 181
58 184
58 99
58 100
58 193
58 83
58 115
58 197
58 145
58 108
58 191
58 89
58 0
58 183
58 126
58 66
58 33
58 116
58 107
58 35
58 112
58 78
58 170
58 85
58 144
58 25
58 105
58 3
58 11
58 195
58 130
58 5
58 75
58 50
58 81
58 91
58 4
58 140
58 186
58 64
58 117
58 8
58 131
58 146
58 136
58 54
58 102
58 96
58 180
58 192
58 127
58 97
58 74
58 125
58 93
58 187
58 18
58 73
58 1
58 189
58 57
58 65
58 9
58 34
58 176
58 165
58 62
58 60
58 72
58 150
58 31
58 111
58 163
58 41
58 82
58 123
58 155
58 133
58 42
58 137
58 59
58 55
58 24
58 156
58 17
58 147
58 46
59 184
59 22
59 181
59 46
59 151
59 175
59 182
59 152
59 85
59 76
59 69
59 183
59 115
59 60
59 4
59 137
59 8
59 98
59 2
59 80
59 156
59 40
59 142
59 53
59 49
59 187
59 172
59 189
59 118
59 65
59 96
59 145
59 14
59 51
59 176
59 144
59 132
59 140
59 29
59 148
59 83
59 116
59 78
59 19
59 86
59 64
59 1
59 52
59 28
59 72
59 159
59 149
59 141
59 67
59 178
59 122
59 30
59 134
59 50
59 47
59 113
59 167
59 82
59 161
59 48
59 114
59 104
59 90
59 68
59 194
59 170
59 163
59 11
59 71
59 126
59 101
59 138
59 21
59 120
59 162
59 35
59 150
59 6
59 12
59 43
59 158
59 66
59 125
59 75
59 197
59 157
59 174
59 153
59 88
59 119
59 33
59 107
59 70
59 117
59 105
59 180
59 97
59 62
59 87
59 56
59 193
59 155
59 92
59 185
59 103
59 45
59 139
59 24
59 160
59 94
59 136
59 109
59 17
59 195
59 110
59 99
59 121
59 131
59 55
59 7
59 38
59 196
59 74
59 37
59 102
59 188
59 23
59 123
59 20
59 199
59 135
59 61
59 95
59 13
59 81
59 93
59 34
59 168
59 166
59 63
59 154
59 169
59 3
59 130
59 89
59 57
59 10
59 73
59 58
59 171
59 164
59 127
59 146
59 106
60 20
60 44
60 193
60 145
60 34
60 167
60 126
60 46
60 138
60 110
60 142
60 59
60 101
60 52
60 38
60 87
60 75
60 36
60 39
60 147
60 84
60 198
60 69
60 148
60 179
60 133
60 195
60 181
60 13
60 102
60 168
60 103
60 169
60 160
60 107
60 178
60 73
60 185
60 149
60 174
60 51
60 120
60 14
60 163
60 0
60 66
60 1
60 154
60 112
60 189
60 98
60 78
60 71
60 104
60 121
60 90
60 29
60 4
60 152
60 162
60 118
60 197
60 177
60 170
60 56
60 41
60 22
60 155
60 186
60 144
60 166
60 65
60 95
60 50
60 93
60 122
60 182
60 196
60 10
60 25
60 21
60 54
60 115
60 7
60 119
60 191
60 130
60 100
60 83
60 164
60 114
60 86
60 67
60 116
60 24
60 23
60 57
60 192
60 153
60 11
60 172
60 123
60 30
60 8
60 183
60 158
60 136
60 96
60 40
60 187
60 18
60 81
60 76
60 171
60 31
60 143
60 49
60 74
60 141
60 70
60 5
60 159
60 134
60 106
60 32
60 6
60 125
60 146
60 175
60 139
60 43
60 58
60 16
60 108
60 62
60 111
60 157
60 156
60 165
60 91
60 48
60 188
60 79
60 176
60 42
60 82
60 105
60 184
60 17
60 137
60 135
60 199
60 129
60 89
60 173
60 94
60 72
60 28
60 109
60 117
61 129
61 27
61 70
61 65
61 113
61 40
61 22
61 37
61 68
61 118
61 63
61 131
61 152
61 194
61 79
61 122
61 155
61 91
61 114
61 168
61 28
61 31
61 73
61 170
61 140
61 150
61 145
61 121
61 139
61 102
61 26
61 20
61 88
61 186
61 171
61 146
61 174
61 148
61 141
61 18
61 89
61 32
61 57
61 44
61 94
61 188
61 54
61 11
61 106
61 137
61 105
61 189
61 0
61 45
61 199
61 147
61 198
61 16
61 69
61 144
61 38
61 84
61 180
61 81
61 4
61 46
61 49
61 138
61 176
61 29
61 128
61 175
61 8
61 17
61 159
61 112
61 187
61 76
61 75
61 154
61 100
61 111
61 119
61 85
61 24
61 160
61 7
61 149
61 181
61 165
61 55
61 80
61 2
61 66
61 169
61 3
61 33
61 82
61 107
61 101
61 120
61 90
61 127
61 92
61 166
61 5
61 53
61 71
61 1
61 23
61 153
61 182
61 151
61 13
61 19
61 30
61 193
61 43
61 156
61 25
61 34
61 123
61 110
61 117
61 52
61 6
61 9
61 179
61 56
61 135
61 59
61 15
61 177
61 74
61 157
61 42
61 62
61 21
61 136
61 86
61 192
61 104
61 115
61 98
61 190
61 196
61 158
61 162
61 191
61 72
61 51
61 173
61 77
61 96
61 97
62 166
62 4
62 198
62 23
62 25
62 35
62 119
62 120
62 56
62 79
62 1
62 55
62 73
62 183
62 14
62 57
62 105
62 113
62 162
62 22
62 71
62 180
62 19
62 54
62 175
62 190
62 52
62 131
62 75
62 193
62 53
62 39
62 28
62 67
62 81
62 10
62 91
62 188
62 84
62 187
62 195
62 143
62 146
62 155
62 116
62 163
62 21
62 191
62 33
62 184
62 114
62 8
62 129
62 0
62 151
62 44
62 182
62 158
62 20
62 74
62 130
62 140
62 38
62 154
62 3
62 164
62 85
62 12
62 127
62 185
62 78
62 87
62 123
62 109
62 134
62 11
62 115
62 45
62 47
62 82
62 167
62 149
62 72
62 139
62 65
62 186
62 106
62 145
62 117
62 128
62 197
62 101
62 36
62 104
62 2
62 18
62 118
